latitude = 29.490278
longitude = 34.901843
x = 2506
y = 17567