latitude = 29.544043
longitude = 34.975739
x = 16269
y = 6045